0 3 350 0 0
1 4 400 0 0
2 4 500 0 1
4 4 200 0 2
5 3 650 0 2
6 4 450 0 2
7 4 500 0 1
8 3 470 0 2
9 4 800 0 2
10 3 900 0 2
11 4 147 0 2
12 4 450 0 0
13 3 785 0 2
14 4 457 0 1
15 3 576 0 0
16 4 558 0 0
17 5 400 0 0
18 3 778 0 1
19 4 788 0 2
20 3 458 0 0
21 4 569 0 0
22 4 450 0 1
23 3 447 0 1
24 4 456 0 1
25 3 253 0 0
26 4 470 0 0
27 2 402 0 1
28 3 545 0 1
29 4 252 0 1
30 3 447 0 0
31 4 445 0 0
32 4 500 0 2
33 3 457 0 1
34 4 778 0 1
35 3 589 0 0
36 4 114 0 0
37 4 445 0 2
38 3 785 0 1
39 4 778 0 6
40 3 350 0 3
41 4 400 0 3
42 4 500 0 5
43 3 300 0 5
44 4 200 0 6
45 3 650 0 5
46 4 450 0 6
47 4 500 0 4
48 3 470 0 6
49 4 800 0 4
110 3 900 3 6
111 4 147 0 4
112 4 450 0 3
113 3 658 0 6
114 4 845 0 5
115 3 458 0 3
116 4 745 0 3
117 5 400 0 3
118 3 785 0 5
119 4 589 0 4
120 3 456 0 3
121 4 569 0 3
122 4 450 0 3
123 3 447 0 3
124 4 456 0 3
125 3 253 0 5
126 4 470 0 4
127 2 402 0 3
128 3 545 0 3
129 4 252 0 5
130 3 447 0 6
131 4 445 0 4
132 4 500 0 3
133 3 457 0 4
134 4 778 0 4
135 3 589 0 6
136 4 114 0 5
137 4 445 0 3
138 3 508 0 4
139 4 554 0 4
